x = 13
0 107
1 107
2 107
3 107
4 107
5 107
6 107
7 107
8 107
9 107
10 107
11 107
12 107
13 107
14 107
15 107
16 107
17 107
18 107
19 107
20 110
21 110
22 110
23 110
24 110
25 110
26 110
27 110
28 110
29 110
30 110
31 110
32 110
33 110
34 110
35 110
36 110
37 110
38 110
39 110
40 113
41 113
42 113
43 113
44 113
45 113
46 113
47 113
48 113
49 113
50 113
51 113
52 113
53 113
54 113
55 113
56 113
57 113
58 113
59 113
60 117
61 117
62 117
63 117
64 117
65 117
66 117
67 117
68 117
69 117
70 117
71 117
72 117
73 117
74 117
75 117
76 117
77 117
78 117
79 117
80 119
81 119
82 119
83 119
84 119
85 119
86 119
87 119
88 119
89 119
90 239
91 239
91
100 8
92 239
93 239
94 239
95 239
96 239
97 239
98 239
99 239
100 237
101 237
102 237
103 237
104 237
105 237
106 237
107 237
108 237
109 237
110 237
111 237
112 237
113 237
114 237
115 237
116 237
117 237
118 237
119 237
120 233
121 233
122 233
123 233
124 233
125 233
126 233
127 233
128 233
129 233
130 233
131 233
132 233
133 233
134 233
135 233
136 233
137 233
138 233
139 233
140 230
141 230
142 230
143 230
144 230
145 230
146 230
147 230
148 230
149 230
150 230
151 230
152 230
153 230
154 230
155 230
156 230
157 230
158 230
159 230
160 227
161 227
162 227
163 227
164 227
165 227
166 227
167 227
168 227
169 227
170 227
171 227
172 227
173 227
174 227
175 227
176 227
177 227
178 227
179 227
180 225
181 225
182 225
183 225
184 225
185 225
186 225
187 225
188 225
189 225
190 225
191 225
192 225
193 225
194 225
195 225
196 225
197 225
198 225
199 225
200 221
201 221
202 221
203 221
204 221
205 221
206 221
207 221
208 221
209 221
210 221
211 221
212 221
213 221
214 221
215 221
216 221
217 221
218 221
219 221
220 218
221 218
222 218
223 218
224 218
225 218
226 218
227 218
228 218
229 218
230 218
231 218
232 218
233 218
234 218
235 218
236 218
237 218
238 218
239 218
240 215
241 215
242 215
243 215
244 215
245 215
246 215
247 215
248 215
249 215
250 215
251 215
252 215
253 215
254 215
255 215
256 215
257 215
258 215
259 215
260 210
261 210
262 210
263 210
264 210
265 210
266 210
267 210
268 210
269 210
270 210
271 210
272 210
273 210
274 210
275 210
276 210
277 210
278 210
279 210
280 207
280
300 19
281 207
282 207
283 207
284 207
285 207
286 207
287 207
288 207
289 207
290 207
291 207
292 207
293 207
294 207
295 207
296 207
297 207
298 207
299 207
300 202
301 202
302 202
303 202
304 202
305 202
306 202
307 202
308 202
309 202
310 202
311 202
312 202
313 202
314 202
315 202
316 202
317 202
318 202
319 202
320 198
321 198
322 198
323 198
324 198
325 198
326 198
327 198
328 198
329 198
330 198
331 198
332 198
333 198
334 198
335 198
336 198
337 198
338 198
339 198
340 193
341 193
342 193
343 193
344 193
345 193
346 193
347 193
348 193
349 193
350 193
351 193
352 193
353 193
354 193
355 193
356 193
357 193
358 193
359 193
360 189
361 189
362 189
363 189
364 189
365 189
366 189
367 189
368 189
369 189
370 189
371 189
372 189
373 189
374 189
375 189
376 189
377 189
378 189
379 189
380 151
380
760 379
381 151
382 151
383 151
384 151
385 151
386 151
387 151
388 151
389 151
390 151
391 151
392 151
393 151
394 151
395 151
396 151
397 151
398 151
399 151
400 153
401 153
402 153
403 153
404 153
405 153
406 153
407 153
408 153
409 153
410 153
411 153
412 153
413 153
414 153
415 153
416 153
417 153
418 153
419 153
420 155
421 155
422 155
423 155
424 155
425 155
426 155
427 155
428 155
429 155
430 155
431 155
432 155
433 155
434 155
435 155
436 155
437 155
438 155
439 155
440 157
441 157
442 157
443 157
444 157
445 157
446 157
447 157
448 157
449 157
450 157
451 157
452 157
453 157
454 157
455 157
456 157
457 157
458 157
459 157
460 158
461 158
462 158
463 158
464 158
465 158
466 158
467 158
468 158
469 158
470 158
471 158
472 158
473 158
474 158
475 158
476 158
477 158
478 158
479 158
480 160
481 160
482 160
483 160
484 160
485 160
486 160
487 160
488 160
489 160
490 160
491 160
492 160
493 160
494 160
495 160
496 160
497 160
498 160
499 160
500 162
501 162
502 162
503 162
504 162
505 162
506 162
507 162
508 162
509 162
510 162
511 162
512 162
513 162
514 162
515 162
516 162
517 162
518 162
519 162
520 163
521 163
522 163
523 163
524 163
525 163
526 163
527 163
528 163
529 163
530 163
531 163
532 163
533 163
534 163
535 163
536 163
537 163
538 163
539 163
540 164
541 164
542 164
543 164
544 164
545 164
546 164
547 164
548 164
549 164
550 164
551 164
552 164
553 164
554 164
555 164
556 164
557 164
558 164
559 164
560 166
561 166
562 166
563 166
564 166
565 166
566 166
567 166
568 166
569 166
570 166
571 166
572 166
573 166
574 166
575 166
576 166
577 166
578 166
579 166
580 167
581 167
582 167
583 167
584 167
585 167
586 167
587 167
588 167
589 167
590 167
591 167
592 167
593 167
594 167
595 167
596 167
597 167
598 167
599 167
600 169
601 169
602 169
603 169
604 169
605 169
606 169
607 169
608 169
609 169
610 169
611 169
612 169
613 169
614 169
615 169
616 169
617 169
618 169
619 169
620 171
621 171
622 171
623 171
624 171
625 171
626 171
627 171
628 171
629 171
630 171
631 171
632 171
633 171
634 171
635 171
636 171
637 171
638 171
639 171
640 172
641 172
642 172
643 172
644 172
645 172
646 172
647 172
648 172
649 172
650 172
651 172
652 172
653 172
654 172
655 172
656 172
657 172
658 172
659 172
660 174
661 174
662 174
663 174
664 174
665 174
666 174
667 174
668 174
669 174
670 174
671 174
672 174
673 174
674 174
675 174
676 174
677 174
678 174
679 174
680 175
681 175
682 175
683 175
684 175
685 175
686 175
687 175
688 175
689 175
690 175
691 175
692 175
693 175
694 175
695 175
696 175
697 175
698 175
699 175
700 176
701 176
702 176
703 176
704 176
705 176
706 176
707 176
708 176
709 176
710 176
711 176
712 176
713 176
714 176
715 176
716 176
717 176
718 176
719 176
720 178
721 178
722 178
723 178
724 178
725 178
726 178
727 178
728 178
729 178
730 178
731 178
732 178
733 178
734 178
735 178
736 178
737 178
738 178
739 178
740 179
741 179
742 179
743 179
744 179
745 179
746 179
747 179
748 179
749 179
750 179
751 179
752 179
753 179
754 179
755 179
756 179
757 179
758 179
759 179
760 180
760
1200 439
761 180
762 180
763 180
764 180
765 180
766 180
767 180
768 180
769 180
770 180
771 180
772 180
773 180
774 180
775 180
776 180
777 180
778 180
779 180
780 182
781 182
782 182
783 182
784 182
785 182
786 182
787 182
788 182
789 182
790 182
791 182
792 182
793 182
794 182
795 182
796 182
797 182
798 182
799 182
800 183
801 183
802 183
803 183
804 183
805 183
806 183
807 183
808 183
809 183
810 183
811 183
812 183
813 183
814 183
815 183
816 183
817 183
818 183
819 183
820 185
821 185
822 185
823 185
824 185
825 185
826 185
827 185
828 185
829 185
830 185
831 185
832 185
833 185
834 185
835 185
836 185
837 185
838 185
839 185
840 186
841 186
842 186
843 186
844 186
845 186
846 186
847 186
848 186
849 186
850 186
851 186
852 186
853 186
854 186
855 186
856 186
857 186
858 186
859 186
860 187
861 187
862 187
863 187
864 187
865 187
866 187
867 187
868 187
869 187
870 187
871 187
872 187
873 187
874 187
875 187
876 187
877 187
878 187
879 187
880 189
881 189
882 189
883 189
884 189
885 189
886 189
887 189
888 189
889 189
890 189
891 189
892 189
893 189
894 189
895 189
896 189
897 189
898 189
899 189
900 190
901 190
902 190
903 190
904 190
905 190
906 190
907 190
908 190
909 190
910 190
911 190
912 190
913 190
914 190
915 190
916 190
917 190
918 190
919 190
920 191
921 191
922 191
923 191
924 191
925 191
926 191
927 191
928 191
929 191
930 191
931 191
932 191
933 191
934 191
935 191
936 191
937 191
938 191
939 191
940 193
941 193
942 193
943 193
944 193
945 193
946 193
947 193
948 193
949 193
950 193
951 193
952 193
953 193
954 193
955 193
956 193
957 193
958 193
959 193
960 194
961 194
962 194
963 194
964 194
965 194
966 194
967 194
968 194
969 194
970 194
971 194
972 194
973 194
974 194
975 194
976 194
977 194
978 194
979 194
980 195
981 195
982 195
983 195
984 195
985 195
986 195
987 195
988 195
989 195
990 195
991 195
992 195
993 195
994 195
995 195
996 195
997 195
998 195
999 195
1000 196
1001 196
1002 196
1003 196
1004 196
1005 196
1006 196
1007 196
1008 196
1009 196
1010 196
1011 196
1012 196
1013 196
1014 196
1015 196
1016 196
1017 196
1018 196
1019 196
1020 197
1021 197
1022 197
1023 197
1024 197
1025 197
1026 197
1027 197
1028 197
1029 197
1030 197
1031 197
1032 197
1033 197
1034 197
1035 197
1036 197
1037 197
1038 197
1039 197
1040 199
1041 199
1042 199
1043 199
1044 199
1045 199
1046 199
1047 199
1048 199
1049 199
1050 199
1051 199
1052 199
1053 199
1054 199
1055 199
1056 199
1057 199
1058 199
1059 199
1060 200
1061 200
1062 200
1063 200
1064 200
1065 200
1066 200
1067 200
1068 200
1069 200
1070 200
1071 200
1072 200
1073 200
1074 200
1075 200
1076 200
1077 200
1078 200
1079 200
1080 201
1081 201
1082 201
1083 201
1084 201
1085 201
1086 201
1087 201
1088 201
1089 201
1090 201
1091 201
1092 201
1093 201
1094 201
1095 201
1096 201
1097 201
1098 201
1099 201
1100 203
1101 203
1102 203
1103 203
1104 203
1105 203
1106 203
1107 203
1108 203
1109 203
1110 203
1111 203
1112 203
1113 203
1114 203
1115 203
1116 203
1117 203
1118 203
1119 203
1120 204
1121 204
1122 204
1123 204
1124 204
1125 204
1126 204
1127 204
1128 204
1129 204
1130 204
1131 204
1132 204
1133 204
1134 204
1135 204
1136 204
1137 204
1138 204
1139 204
1140 205
1141 205
1142 205
1143 205
1144 205
1145 205
1146 205
1147 205
1148 205
1149 205
1150 205
1151 205
1152 205
1153 205
1154 205
1155 205
1156 205
1157 205
1158 205
1159 205
1160 207
1161 207
1162 207
1163 207
1164 207
1165 207
1166 207
1167 207
1168 207
1169 207
1170 207
1171 207
1172 207
1173 207
1174 207
1175 207
1176 207
1177 207
1178 207
1179 207
1180 208
1181 208
1182 208
1183 208
1184 208
1185 208
1186 208
1187 208
1188 208
1189 208
1190 208
1191 208
1192 208
1193 208
1194 208
1195 208
1196 208
1197 208
1198 208
1199 208
1200 210
1200
1600 399
1201 210
1202 210
1203 210
1204 210
1205 210
1206 210
1207 210
1208 210
1209 210
1210 210
1211 210
1212 210
1213 210
1214 210
1215 210
1216 210
1217 210
1218 210
1219 210
1220 211
1221 211
1222 211
1223 211
1224 211
1225 211
1226 211
1227 211
1228 211
1229 211
1230 211
1231 211
1232 211
1233 211
1234 211
1235 211
1236 211
1237 211
1238 211
1239 211
1240 212
1241 212
1242 212
1243 212
1244 212
1245 212
1246 212
1247 212
1248 212
1249 212
1250 212
1251 212
1252 212
1253 212
1254 212
1255 212
1256 212
1257 212
1258 212
1259 212
1260 214
1261 214
1262 214
1263 214
1264 214
1265 214
1266 214
1267 214
1268 214
1269 214
1270 214
1271 214
1272 214
1273 214
1274 214
1275 214
1276 214
1277 214
1278 214
1279 214
1280 215
1281 215
1282 215
1283 215
1284 215
1285 215
1286 215
1287 215
1288 215
1289 215
1290 215
1291 215
1292 215
1293 215
1294 215
1295 215
1296 215
1297 215
1298 215
1299 215
1300 216
1301 216
1302 216
1303 216
1304 216
1305 216
1306 216
1307 216
1308 216
1309 216
1310 216
1311 216
1312 216
1313 216
1314 216
1315 216
1316 216
1317 216
1318 216
1319 216
1320 218
1321 218
1322 218
1323 218
1324 218
1325 218
1326 218
1327 218
1328 218
1329 218
1330 218
1331 218
1332 218
1333 218
1334 218
1335 218
1336 218
1337 218
1338 218
1339 218
1340 219
1341 219
1342 219
1343 219
1344 219
1345 219
1346 219
1347 219
1348 219
1349 219
1350 219
1351 219
1352 219
1353 219
1354 219
1355 219
1356 219
1357 219
1358 219
1359 219
1360 221
1361 221
1362 221
1363 221
1364 221
1365 221
1366 221
1367 221
1368 221
1369 221
1370 221
1371 221
1372 221
1373 221
1374 221
1375 221
1376 221
1377 221
1378 221
1379 221
1380 223
1381 223
1382 223
1383 223
1384 223
1385 223
1386 223
1387 223
1388 223
1389 223
1390 223
1391 223
1392 223
1393 223
1394 223
1395 223
1396 223
1397 223
1398 223
1399 223
1400 224
1401 224
1402 224
1403 224
1404 224
1405 224
1406 224
1407 224
1408 224
1409 224
1410 224
1411 224
1412 224
1413 224
1414 224
1415 224
1416 224
1417 224
1418 224
1419 224
1420 226
1421 226
1422 226
1423 226
1424 226
1425 226
1426 226
1427 226
1428 226
1429 226
1430 226
1431 226
1432 226
1433 226
1434 226
1435 226
1436 226
1437 226
1438 226
1439 226
1440 227
1441 227
1442 227
1443 227
1444 227
1445 227
1446 227
1447 227
1448 227
1449 227
1450 227
1451 227
1452 227
1453 227
1454 227
1455 227
1456 227
1457 227
1458 227
1459 227
1460 228
1461 228
1462 228
1463 228
1464 228
1465 228
1466 228
1467 228
1468 228
1469 228
1470 228
1471 228
1472 228
1473 228
1474 228
1475 228
1476 228
1477 228
1478 228
1479 228
1480 230
1481 230
1482 230
1483 230
1484 230
1485 230
1486 230
1487 230
1488 230
1489 230
1490 230
1491 230
1492 230
1493 230
1494 230
1495 230
1496 230
1497 230
1498 230
1499 230
1500 232
1501 232
1502 232
1503 232
1504 232
1505 232
1506 232
1507 232
1508 232
1509 232
1510 232
1511 232
1512 232
1513 232
1514 232
1515 232
1516 232
1517 232
1518 232
1519 232
1520 233
1521 233
1522 233
1523 233
1524 233
1525 233
1526 233
1527 233
1528 233
1529 233
1530 233
1531 233
1532 233
1533 233
1534 233
1535 233
1536 233
1537 233
1538 233
1539 233
1540 235
1541 235
1542 235
1543 235
1544 235
1545 235
1546 235
1547 235
1548 235
1549 235
1550 235
1551 235
1552 235
1553 235
1554 235
1555 235
1556 235
1557 235
1558 235
1559 235
1560 237
1561 237
1562 237
1563 237
1564 237
1565 237
1566 237
1567 237
1568 237
1569 237
1570 237
1571 237
1572 237
1573 237
1574 237
1575 237
1576 237
1577 237
1578 237
1579 237
1580 238
1581 238
1582 238
1583 238
1584 238
1585 238
1586 238
1587 238
1588 238
1589 238
1590 238
1591 238
1592 238
1593 238
1594 238
1595 238
1596 238
1597 238
1598 238
1599 238
1600 240
1600
1870 269
1601 240
1602 240
1603 240
1604 240
1605 240
1606 240
1607 240
1608 240
1609 240
1610 240
1611 240
1612 240
1613 240
1614 240
1615 240
1616 240
1617 240
1618 240
1619 240
1620 243
1621 243
1622 243
1623 243
1624 243
1625 243
1626 243
1627 243
1628 243
1629 243
1630 243
1631 243
1632 243
1633 243
1634 243
1635 243
1636 243
1637 243
1638 243
1639 243
1640 246
1641 246
1642 246
1643 246
1644 246
1645 246
1646 246
1647 246
1648 246
1649 246
1650 246
1651 246
1652 246
1653 246
1654 246
1655 246
1656 246
1657 246
1658 246
1659 246
1660 248
1661 248
1662 248
1663 248
1664 248
1665 248
1666 248
1667 248
1668 248
1669 248
1670 248
1671 248
1672 248
1673 248
1674 248
1675 248
1676 248
1677 248
1678 248
1679 248
1680 251
1681 251
1682 251
1683 251
1684 251
1685 251
1686 251
1687 251
1688 251
1689 251
1690 251
1691 251
1692 251
1693 251
1694 251
1695 251
1696 251
1697 251
1698 251
1699 251
1700 253
1701 253
1702 253
1703 253
1704 253
1705 253
1706 253
1707 253
1708 253
1709 253
1710 253
1711 253
1712 253
1713 253
1714 253
1715 253
1716 253
1717 253
1718 253
1719 253
1720 256
1721 256
1722 256
1723 256
1724 256
1725 256
1726 256
1727 256
1728 256
1729 256
1730 256
1731 256
1732 256
1733 256
1734 256
1735 256
1736 256
1737 256
1738 256
1739 256
1740 258
1741 258
1742 258
1743 258
1744 258
1745 258
1746 258
1747 258
1748 258
1749 258
1750 258
1751 258
1752 258
1753 258
1754 258
1755 258
1756 258
1757 258
1758 258
1759 258
1760 259
1761 259
1762 259
1763 259
1764 259
1765 259
1766 259
1767 259
1768 259
1769 259
1770 259
1771 259
1772 259
1773 259
1774 259
1775 259
1776 259
1777 259
1778 259
1779 259
1780 262
1781 262
1782 262
1783 262
1784 262
1785 262
1786 262
1787 262
1788 262
1789 262
1790 262
1791 262
1792 262
1793 262
1794 262
1795 262
1796 262
1797 262
1798 262
1799 262
1800 263
1801 263
1802 263
1803 263
1804 263
1805 263
1806 263
1807 263
1808 263
1809 263
1810 263
1811 263
1812 263
1813 263
1814 263
1815 263
1816 263
1817 263
1818 263
1819 263
1820 265
1821 265
1822 265
1823 265
1824 265
1825 265
1826 265
1827 265
1828 265
1829 265
1830 265
1831 265
1832 265
1833 265
1834 265
1835 265
1836 265
1837 265
1838 265
1839 265
1840 267
1841 267
1842 267
1843 267
1844 267
1845 267
1846 267
1847 267
1848 267
1849 267
1850 267
1851 267
1852 267
1853 267
1854 267
1855 267
1856 267
1857 267
1858 267
1859 267
1860 269
1861 269
1862 269
1863 269
1864 269
1865 269
1866 269
1867 269
1868 269
1869 269
1870 269
1871 240
1871
2000 128
1872 240
1873 240
1874 240
1875 240
1876 240
1877 240
1878 240
1879 240
1880 241
1881 241
1882 241
1883 241
1884 241
1885 241
1886 241
1887 241
1888 241
1889 241
1890 241
1891 241
1892 241
1893 241
1894 241
1895 241
1896 241
1897 241
1898 241
1899 241
1900 242
1901 242
1902 242
1903 242
1904 242
1905 242
1906 242
1907 242
1908 242
1909 242
1910 242
1911 242
1912 242
1913 242
1914 242
1915 242
1916 242
1917 242
1918 242
1919 242
1920 244
1921 244
1922 244
1923 244
1924 244
1925 244
1926 244
1927 244
1928 244
1929 244
1930 244
1931 244
1932 244
1933 244
1934 244
1935 244
1936 244
1937 244
1938 244
1939 244
1940 247
1941 247
1942 247
1943 247
1944 247
1945 247
1946 247
1947 247
1948 247
1949 247
1950 247
1951 247
1952 247
1953 247
1954 247
1955 247
1956 247
1957 247
1958 247
1959 247
1960 248
1961 248
1962 248
1963 248
1964 248
1965 248
1966 248
1967 248
1968 248
1969 248
1970 248
1971 248
1972 248
1973 248
1974 248
1975 248
1976 248
1977 248
1978 248
1979 248
1980 250
1981 250
1982 250
1983 250
1984 250
1985 250
1986 250
1987 250
1988 250
1989 250
1990 250
1991 250
1992 250
1993 250
1994 250
1995 250
1996 250
1997 250
1998 250
1999 250
